        aer_nh4_bkg( 1) =  0.00000E+00   ! nmol/m3
        aer_nh4_bkg( 2) =  0.00000E+00   ! nmol/m3
        aer_nh4_bkg( 3) =  0.00000E+00   ! nmol/m3
        aer_nh4_bkg( 4) =  0.00000E+00   ! nmol/m3
        aer_nh4_bkg( 5) =  0.00000E+00   ! nmol/m3
        aer_nh4_bkg( 6) =  0.68399E-11   ! nmol/m3
        aer_nh4_bkg( 7) =  0.86822E-10   ! nmol/m3
        aer_nh4_bkg( 8) =  0.83145E-09   ! nmol/m3
        aer_nh4_bkg( 9) =  0.65760E-08   ! nmol/m3
        aer_nh4_bkg(10) =  0.43446E-07   ! nmol/m3
        aer_nh4_bkg(11) =  0.23970E-06   ! nmol/m3
        aer_nh4_bkg(12) =  0.11051E-05   ! nmol/m3
        aer_nh4_bkg(13) =  0.42569E-05   ! nmol/m3
        aer_nh4_bkg(14) =  0.13701E-04   ! nmol/m3
        aer_nh4_bkg(15) =  0.38416E-04   ! nmol/m3
        aer_nh4_bkg(16) =  0.80711E-04   ! nmol/m3
        aer_nh4_bkg(17) =  0.15905E-03   ! nmol/m3
        aer_nh4_bkg(18) =  0.25978E-03   ! nmol/m3
        aer_nh4_bkg(19) =  0.44031E-03   ! nmol/m3
        aer_nh4_bkg(20) =  0.72817E-03   ! nmol/m3
        aer_nh4_bkg(21) =  0.12691E-02   ! nmol/m3
        aer_nh4_bkg(22) =  0.23451E-02   ! nmol/m3
        aer_nh4_bkg(23) =  0.44710E-02   ! nmol/m3
        aer_nh4_bkg(24) =  0.77897E-02   ! nmol/m3
        aer_nh4_bkg(25) =  0.13026E-01   ! nmol/m3
        aer_nh4_bkg(26) =  0.20405E-01   ! nmol/m3
        aer_nh4_bkg(27) =  0.30014E-01   ! nmol/m3
        aer_nh4_bkg(28) =  0.41711E-01   ! nmol/m3
        aer_nh4_bkg(29) =  0.48395E-01   ! nmol/m3
        aer_nh4_bkg(30) =  0.62613E-01   ! nmol/m3
        aer_nh4_bkg(31) =  0.80423E-01   ! nmol/m3
        aer_nh4_bkg(32) =  0.10166E+00   ! nmol/m3
        aer_nh4_bkg(33) =  0.12607E+00   ! nmol/m3
        aer_nh4_bkg(34) =  0.15640E+00   ! nmol/m3
        aer_nh4_bkg(35) =  0.16759E+00   ! nmol/m3
        aer_nh4_bkg(36) =  0.18481E+00   ! nmol/m3
        aer_nh4_bkg(37) =  0.17911E+00   ! nmol/m3
        aer_nh4_bkg(38) =  0.13760E+00   ! nmol/m3
        aer_nh4_bkg(39) =  0.82480E-01   ! nmol/m3
        aer_nh4_bkg(40) =  0.45570E-01   ! nmol/m3
        aer_nh4_bkg(41) =  0.25775E-01   ! nmol/m3
        aer_nh4_bkg(42) =  0.11266E-01   ! nmol/m3
        aer_nh4_bkg(43) =  0.42672E-02   ! nmol/m3
        aer_nh4_bkg(44) =  0.14029E-02   ! nmol/m3
