        num_a_bkg( 1) =      0.00000   ! #/cc
        num_a_bkg( 2) =      0.00000   ! #/cc
        num_a_bkg( 3) =      0.00000   ! #/cc
        num_a_bkg( 4) =      0.00000   ! #/cc
        num_a_bkg( 5) =      0.00000   ! #/cc
        num_a_bkg( 6) =      0.00003   ! #/cc
        num_a_bkg( 7) =      0.00026   ! #/cc
        num_a_bkg( 8) =      0.00170   ! #/cc
        num_a_bkg( 9) =      0.00918   ! #/cc
        num_a_bkg(10) =      0.04141   ! #/cc
        num_a_bkg(11) =      0.15599   ! #/cc
        num_a_bkg(12) =      0.49101   ! #/cc
        num_a_bkg(13) =      1.29137   ! #/cc
        num_a_bkg(14) =      2.83787   ! #/cc
        num_a_bkg(15) =      5.43272   ! #/cc
        num_a_bkg(16) =      7.79294   ! #/cc
        num_a_bkg(17) =     10.48545   ! #/cc
        num_a_bkg(18) =     11.69284   ! #/cc
        num_a_bkg(19) =     13.53134   ! #/cc
        num_a_bkg(20) =     15.27858   ! #/cc
        num_a_bkg(21) =     18.18119   ! #/cc
        num_a_bkg(22) =     22.93771   ! #/cc
        num_a_bkg(23) =     29.85795   ! #/cc
        num_a_bkg(24) =     35.51799   ! #/cc
        num_a_bkg(25) =     40.55044   ! #/cc
        num_a_bkg(26) =     43.37145   ! #/cc
        num_a_bkg(27) =     43.55781   ! #/cc
        num_a_bkg(28) =     41.32913   ! #/cc
        num_a_bkg(29) =     32.73955   ! #/cc
        num_a_bkg(30) =     28.92083   ! #/cc
        num_a_bkg(31) =     25.36255   ! #/cc
        num_a_bkg(32) =     21.88892   ! #/cc
        num_a_bkg(33) =     18.53446   ! #/cc
        num_a_bkg(34) =     15.69874   ! #/cc
        num_a_bkg(35) =     11.48562   ! #/cc
        num_a_bkg(36) =      8.64723   ! #/cc
        num_a_bkg(37) =      5.72210   ! #/cc
        num_a_bkg(38) =      3.00147   ! #/cc
        num_a_bkg(39) =      1.22834   ! #/cc
        num_a_bkg(40) =      0.46336   ! #/cc
        num_a_bkg(41) =      0.17894   ! #/cc
        num_a_bkg(42) =      0.05340   ! #/cc
        num_a_bkg(43) =      0.01381   ! #/cc
        num_a_bkg(44) =      0.00310   ! #/cc
