        aer_oc_bkg( 1) =  0.00000E+00   ! ng/m3
        aer_oc_bkg( 2) =  0.00000E+00   ! ng/m3
        aer_oc_bkg( 3) =  0.00000E+00   ! ng/m3
        aer_oc_bkg( 4) =  0.00000E+00   ! ng/m3
        aer_oc_bkg( 5) =  0.00000E+00   ! ng/m3
        aer_oc_bkg( 6) =  0.29117E-08   ! ng/m3
        aer_oc_bkg( 7) =  0.36960E-07   ! ng/m3
        aer_oc_bkg( 8) =  0.35395E-06   ! ng/m3
        aer_oc_bkg( 9) =  0.27994E-05   ! ng/m3
        aer_oc_bkg(10) =  0.18495E-04   ! ng/m3
        aer_oc_bkg(11) =  0.10204E-03   ! ng/m3
        aer_oc_bkg(12) =  0.47044E-03   ! ng/m3
        aer_oc_bkg(13) =  0.18121E-02   ! ng/m3
        aer_oc_bkg(14) =  0.58326E-02   ! ng/m3
        aer_oc_bkg(15) =  0.16354E-01   ! ng/m3
        aer_oc_bkg(16) =  0.34359E-01   ! ng/m3
        aer_oc_bkg(17) =  0.67710E-01   ! ng/m3
        aer_oc_bkg(18) =  0.11059E+00   ! ng/m3
        aer_oc_bkg(19) =  0.18744E+00   ! ng/m3
        aer_oc_bkg(20) =  0.30998E+00   ! ng/m3
        aer_oc_bkg(21) =  0.54027E+00   ! ng/m3
        aer_oc_bkg(22) =  0.99831E+00   ! ng/m3
        aer_oc_bkg(23) =  0.19033E+01   ! ng/m3
        aer_oc_bkg(24) =  0.33161E+01   ! ng/m3
        aer_oc_bkg(25) =  0.55450E+01   ! ng/m3
        aer_oc_bkg(26) =  0.86864E+01   ! ng/m3
        aer_oc_bkg(27) =  0.12777E+02   ! ng/m3
        aer_oc_bkg(28) =  0.17756E+02   ! ng/m3
        aer_oc_bkg(29) =  0.20602E+02   ! ng/m3
        aer_oc_bkg(30) =  0.26654E+02   ! ng/m3
        aer_oc_bkg(31) =  0.34236E+02   ! ng/m3
        aer_oc_bkg(32) =  0.43276E+02   ! ng/m3
        aer_oc_bkg(33) =  0.53670E+02   ! ng/m3
        aer_oc_bkg(34) =  0.66580E+02   ! ng/m3
        aer_oc_bkg(35) =  0.71345E+02   ! ng/m3
        aer_oc_bkg(36) =  0.78671E+02   ! ng/m3
        aer_oc_bkg(37) =  0.76248E+02   ! ng/m3
        aer_oc_bkg(38) =  0.58578E+02   ! ng/m3
        aer_oc_bkg(39) =  0.35112E+02   ! ng/m3
        aer_oc_bkg(40) =  0.19399E+02   ! ng/m3
        aer_oc_bkg(41) =  0.10972E+02   ! ng/m3
        aer_oc_bkg(42) =  0.47958E+01   ! ng/m3
        aer_oc_bkg(43) =  0.18165E+01   ! ng/m3
        aer_oc_bkg(44) =  0.59723E+00   ! ng/m3
