        aer_so4_bkg( 1) =  0.00000E+00   ! nmol/m3
        aer_so4_bkg( 2) =  0.00000E+00   ! nmol/m3
        aer_so4_bkg( 3) =  0.00000E+00   ! nmol/m3
        aer_so4_bkg( 4) =  0.00000E+00   ! nmol/m3
        aer_so4_bkg( 5) =  0.00000E+00   ! nmol/m3
        aer_so4_bkg( 6) =  0.34199E-11   ! nmol/m3
        aer_so4_bkg( 7) =  0.43411E-10   ! nmol/m3
        aer_so4_bkg( 8) =  0.41572E-09   ! nmol/m3
        aer_so4_bkg( 9) =  0.32880E-08   ! nmol/m3
        aer_so4_bkg(10) =  0.21723E-07   ! nmol/m3
        aer_so4_bkg(11) =  0.11985E-06   ! nmol/m3
        aer_so4_bkg(12) =  0.55255E-06   ! nmol/m3
        aer_so4_bkg(13) =  0.21284E-05   ! nmol/m3
        aer_so4_bkg(14) =  0.68506E-05   ! nmol/m3
        aer_so4_bkg(15) =  0.19208E-04   ! nmol/m3
        aer_so4_bkg(16) =  0.40355E-04   ! nmol/m3
        aer_so4_bkg(17) =  0.79527E-04   ! nmol/m3
        aer_so4_bkg(18) =  0.12989E-03   ! nmol/m3
        aer_so4_bkg(19) =  0.22016E-03   ! nmol/m3
        aer_so4_bkg(20) =  0.36409E-03   ! nmol/m3
        aer_so4_bkg(21) =  0.63456E-03   ! nmol/m3
        aer_so4_bkg(22) =  0.11726E-02   ! nmol/m3
        aer_so4_bkg(23) =  0.22355E-02   ! nmol/m3
        aer_so4_bkg(24) =  0.38949E-02   ! nmol/m3
        aer_so4_bkg(25) =  0.65128E-02   ! nmol/m3
        aer_so4_bkg(26) =  0.10203E-01   ! nmol/m3
        aer_so4_bkg(27) =  0.15007E-01   ! nmol/m3
        aer_so4_bkg(28) =  0.20855E-01   ! nmol/m3
        aer_so4_bkg(29) =  0.24197E-01   ! nmol/m3
        aer_so4_bkg(30) =  0.31307E-01   ! nmol/m3
        aer_so4_bkg(31) =  0.40211E-01   ! nmol/m3
        aer_so4_bkg(32) =  0.50829E-01   ! nmol/m3
        aer_so4_bkg(33) =  0.63037E-01   ! nmol/m3
        aer_so4_bkg(34) =  0.78201E-01   ! nmol/m3
        aer_so4_bkg(35) =  0.83797E-01   ! nmol/m3
        aer_so4_bkg(36) =  0.92403E-01   ! nmol/m3
        aer_so4_bkg(37) =  0.89556E-01   ! nmol/m3
        aer_so4_bkg(38) =  0.68802E-01   ! nmol/m3
        aer_so4_bkg(39) =  0.41240E-01   ! nmol/m3
        aer_so4_bkg(40) =  0.22785E-01   ! nmol/m3
        aer_so4_bkg(41) =  0.12887E-01   ! nmol/m3
        aer_so4_bkg(42) =  0.56329E-02   ! nmol/m3
        aer_so4_bkg(43) =  0.21336E-02   ! nmol/m3
        aer_so4_bkg(44) =  0.70147E-03   ! nmol/m3
